760
32
767
858
9
599
783
233
948
585
707
2
908
282
418
2
166
423
469
274
714
188
919
970
416
490
652
949
20
928
709
500
716
336
700
148
961
476
70
448
19
72
102
222
294
11
807
741
818
265
525
943
429
807
893
887
41
538
51
315
142
57
396
350
74
897
920
76
942
745
208
5
18
997
444
196
303
956
372
86
530
902
5
960
254
255
33
335
832
50
285
422
32
997
311
298
750
448
156
329
777
722
616
941
878
353
875
798
493
995
199
45
201
929
500
346
747
320
977
61
798
648
688
63
827
26
906
373
452
429
285
4
335
227
450
150
275
773
362
121
428
254
922
248
696
400
625
299
198
188
733
831
400
137
329
299
895
354
844
662
84
64
137
702
973
932
938
265
103
172
568
141
188
38
118
381
379
38
942
408
208
925
147
425
150
262
993
244
467
171
531
872
421
686
554
873
237
981
969
781
205
634
966
618
127
996
962
875
911
686
145
133
501
216
608
895
463
733
437
94
521
943
884
144
16
325
692
411
801
847
927
431
346
559
215
257
880
550
122
846
282
14
494
512
3
348
18
65
763
486
873
415
917
965
360
117
371
529
580
497
672
441
779
814
443
49
771
113
627
564
911
282
107
470
488
144
160
447
995
276
831
203
717
668
779
152
229
237
348
447
924
696
627
474
416
269
45
556
755
251
595
270
687
483
163
486
801
396
509
962
344
395
411
76
580
996
128
93
97
328
836
158
160
301
919
67
231
1
54
767
79
650
822
437
498
748
180
932
463
884
500
400
762
61
62
824
512
255
771
346
682
401
667
249
767
926
214
610
965
458
710
752
805
363
164
797
987
313
880
820
285
185
569
314
803
187
259
963
493
294
428
985
837
716
777
645
813
354
795
877
788
956
813
349
769
921
554
717
538
544
270
257
547
809
455
536
88
711
747
318
180
493
120
400
827
99
627
687
771
630
2
379
641
557
203
811
445
995
508
122
676
368
180
650
926
420
775
662
771
599
144
791
897
539
803
342
850
505
861
461
564
403
934
981
816
191
487
696
67
297
891
666
718
968
49
161
672
305
844
789
246
92
791
379
880
460
248
226
816
828
229
379
880
526
391
760
799
36
18
7
996
743
916
157
669
719
975
409
46
93
748
500
110
210
857
441
768
912
178
672
364
968
745
9
722
898
73
112
354
143
119
586
336
858
413
230
375
374
994
426
996
725
660
98
380
503
691
212
348
702
653
309
146
146
104
147
216
558
22
119
862
310
564
752
806
432
328
268
922
508
628
861
90
675
418
94
947
50
423
570
548
579
700
818
343
461
352
156
666
30
325
153
906
210
304
199
854
428
491
577
282
202
673
431
693
417
344
937
294
711
818
56
680
262
200
235
444
709
793
537
859
920
55
741
107
766
444
129
28
141
616
807
215
982
234
631
405
148
311
8
453
630
381
135
933
722
18
493
269
446
160
764
622
757
469
673
215
778
473
652
593
603
567
626
421
11
24
682
731
755
71
848
224
981
703
720
116
716
392
225
244
299
28
358
628
92
455
362
440
797
740
422
401
241
863
642
933
522
897
739
23
37
821
644
628
974
69
930
650
568
562
807
925
531
477
221
448
838
227
456
46
255
178
530
6
784
438
575
773
512
640
343
651
172
29
969
627
104
310
114
816
202
658
662
772
855
12
210
862
870
271
696
181
835
288
648
34
420
649
686
846
675
15
128
442
440
501
763
80
652
903
113
241
423
829
802
175
495
724
971
411
864
543
31
968
101
364
417
802
206
535
438
94
594
46
770
354
190
703
570
958
434
326
779
647
450
633
627
726
505
706
15
204
398
915
973
843
376
968
89
185
720
327
433
891
182
561
196
408
61
336
23
806
808
658
740
841
700
662
978
746
324
719
48
972
289
871
209
137
861
661
424
732
972
206
572
697
362
982
37
874
452
152
581
453
916
434
417
960
817
436
428
56
598
104
551
376
196
450
463
918
18
977
823
40
562
309
487
954
15
363
329
695
240
29
509
975
194
748
294
962
955
529
833
6
238
951
605
563
460
448
605
73
192
655
726
367
83
995
209
236
162
683
473
169
753
292
122
907
117
603
427
371
313
955
130
746
735
515
978
969
197
861
13
651
488
114
252
502
783
344
93
650
405
385
432
884
985
283
262
707
201
513
219
272
914
806
384
751
724
872
446
375
650
582
179
445
898
179
90
882
468
925
989
483
615
164
191
894
71
181
39
462
257
360
431
548
637
128
88
597
798
847
377
216
773
347
575
829
676
62
640
962
664
798
667
105
872
11
457
151
2
78
813
856
888
493
450
380
504
62
707
981
569
169
557
133
88
931
760
849
963
586
405
834
19
779
488
113
651
498
617
187
598
294
432
380
242
79
807
984
206
222
479
4
984
889
272
779
769
595
739
555
664
667
636
90
963
942
330
737
260
322
939
42
727
955
713
792
14
712
942
612
889
333
462
685
888
48
637
879
993
782
579
593
576
35
217
946
617
382
755
483
534
95
26
448
773
808
184
831
696
258
223
786
186
114
831
744
836
587
170
528
532
63
263
35
759
220
812
608
945
224
438
37
765
381
523
256
357
297
63
179
74
962
206
797
497
409
427
619
158
518
630
754
600
335
805
474
167
772
255
889
167
880
835
414
898
990
67
121
310
882
498
671
987
801
163
449
523
575
556
749
272
331
87
319
946
264
605
355
522
742
191
78
413
558
112
352
967
513
497
428
884
611
49
759
322
81
836
47
51
112
31
90
247
668
258
779
198
985
68
565
438
409
969
59
630
23
310
971
779
118
302
476
232
941
424
223
265
299
463
644
978
551
479
895
619
231
80
784
459
43
454
266
801
257
781
678
740
602
772
663
861
585
326
907
120
808
468
133
808
235
41
534
603
581
881
736
449
952
546
637
153
598
998
989
392
205
55
362
49
445
819
248
641
599
728
388
902
952
392
60
490
313
841
994
152
441
374
778
642
404
779
102
117
862
261
963
763
82
100
986
901
37
666
369
891
289
178
541
736
484
264
541
407
198
178
278
565
548
297
306
509
468
361
454
948
800
750
706
366
353
991
993
588
949
600
145
413
17
318
122
54
711
742
785
461
654
425
860
523
382
490
497
579
250
918
788
596
77
771
864
925
102
715
762
503
854
402
67
977
421
459
456
285
202
58
643
854
638
283
925
737
622
840
444
661
241
939
576
208
252
542
293
63
253
563
222
554
781
16
150
515
703
544
111
822
118
256
813
851
663
291
116
474
528
83
435
165
736
866
470
228
225
553
398
181
54
768
726
816
629
477
333
550
167
343
836
241
774
676
305
769
393
600
525
342
574
847
470
655
499
416
359
734
933
178
722
580
800
402
166
438
920
84
124
894
14
914
737
774
466
690
151
237
496
985
937
324
332
952
42
671
677
161
673
40
299
533
780
839
810
511
343
805
810
815
505
581
377
303
708
26
539
685
371
692
752
115
321
56
609
959
157
788
964
360
941
534
423
587
147
442
660
512
581
940
350
11
77
54
616
500
115
944
714
303
181
131
401
64
576
362
827
965
612
931
18
36
596
778
35
523
794
651
653
832
602
162
993
290
462
611
854
643
721
41
650
921
454
115
744
85
523
37
657
653
518
939
124
304
29
852
183
349
678
634
555
801
636
999
352
724
953
85
768
471
872
860
775
391
439
13
1000
621
147
876
907
591
71
375
111
954
898
944
188
756
576
841
564
792
796
337
208
262
408
787
629
29
925
699
349
22
712
510
408
572
93
959
649
776
583
596
518
275
680
203
834
229
171
629
544
614
694
831
773
400
408
695
595
622
930
577
793
817
398
357
574
816
405
184
609
435
751
60
4
138
479
824
818
411
392
140
499
153
308
565
195
107
649
889
246
20
558
456
253
958
629
366
83
971
524
45
798
71
183
891
18
324
80
402
443
707
1000
422
301
263
100
954
318
997
596
243
378
908
285
708
427
541
251
668
341
413
528
667
395
764
174
697
714
103
256
519
568
151
423
813
671
910
387
906
691
749
379
362
41
598
820
840
632
563
797
211
685
543
624
91
882
714
730
628
110
62
324
595
801
510
846
560
401
559
955
223
826
786
945
769
831
974
790
457
130
154
688
512
735
303
897
800
430
43
838
692
513
187
950
978
947
650
544
697
836
822
932
266
708
190
458
348
426
703
663
487
693
66
701
654
992
945
296
505
527
840
997
316
173
187
203
291
703
143
474
173
598
342
901
858
551
883
943
27
382
686
936
647
430
406
679
544
693
44
882
180
867
462
988
165
209
81
865
28
608
127
105
225
566
943
273
438
812
43
193
720
167
761
562
167
858
623
493
408
918
766
318
336
483
79
902
200
763
18
980
394
234
418
514
7
104
14
901
477
445
780
914
512
456
662
633
754
216
741
256
545
933
385
615
562
127
472
409
993
425
363
668
406
636
873
714
462
537
156
952
126
411
60
125
105
667
216
307
817
48
847
781
325
803
50
125
302
909
84
288
292
892
23
173
233
46
992
246
453
878
69
21
129
438
875
805
496
754
804
991
935
13
824
295
446
235
801
780
889
178
312
198
833
885
27
173
791
821
788
15
134
807
699
503
979
29
668
800
925
247
61
774
576
964
340
403
427
688
835
591
826
655
62
704
403
312
353
335
592
640
889
377
580
899
624
210
324
720
4
963
56
539
830
102
65
267
77
295
366
722
23
388
319
819
541
549
155
687
13
120
833
947
907
474
660
100
700
237
623
592
496
560
422
429
369
714
809
368
223
213
936
601
679
812
62
540
308
184
172
792
374
839
744
649
39
824
165
453
951
84
60
24
973
918
108
910
802
820
762
623
205
160
638
144
571
560
263
961
572
536
277
593
742
958
185
65
935
155
184
82
710
19
691
707
908
320
692
213
827
531
146
362
671
862
305
832
194
880
931
635
736
35
101
405
193
655
483
119
804
496
726
411
10
703
861
902
88
163
434
90
663
543
421
213
731
982
846
155
283
311
409
907
200
890
392
306
646
625
536
784
776
507
603
648
228
51
854
945
535
348
713
361
263
63
506
672
439
578
253
220
578
675
152
547
405
610
583
804
197
134
151
787
512
74
551
510
975
355
805
12
686
937
718
702
762
995
247
928
528
819
849
598
846
326
762
635
135
783
601
750
696
328
641
544
65
140
605
201
239
652
854
121
806
48
382
681
181
365
136
929
396
945
792
432
142
636
269
694
59
95
935
505
578
786
671
366
988
794
729
638
772
340
556
396
669
7
576
54
387
6
282
707
345
479
819
785
330
746
666
76
533
609
944
354
938
328
350
899
699
608
691
931
739
44
534
573
476
743
541
302
290
487
633
948
58
690
258
246
847
550
687
592
649
288
427
171
866
67
580
825
86
225
186
110
604
743
392
762
32
444
584
420
302
294
441
815
344
302
268
778
718
947
842
399
528
766
432
333
21
717
646
804
371
193
215
102
274
127
868
450
163
452
10
960
36
260
985
14
116
459
348
827
829
327
699
133
872
380
318
888
463
152
61
671
218
54
710
956
487
224
243
766
395
412
314
318
268
246
539
122
630
936
81
669
436
321
415
291
761
436
75
967
730
204
666
887
95
681
409
325
462
264
996
985
874
674
618
277
132
72
594
156
968
600
143
15
937
788
521
867
698
738
881
451
169
726
970
228
885
864
985
193
779
795
715
291
537
941
361
795
583
699
325
390
778
125
547
864
885
60
950
236
912
364
919
885
515
892
743
737
743
148
419
848
532
59
250
782
539
170
236
44
92
655
313
434
252
947
147
603
258
438
322
285
901
685
439
643
719
756
868
919
212
918
625
116
711
602
125
732
922
717
379
705
609
722
513
549
370
485
389
362
972
933
476
800
234
644
72
343
27
59
429
186
575
739
331
832
851
145
191
96
542
742
806
501
760
860
474
221
376
595
312
617
652
257
254
97
594
279
395
515
309
280
59
551
475
940
199
572
918
704
534
273
237
855
105
994
305
395
812
982
522
289
799
38
643
70
527
909
80
498
739
511
642
945
532
582
768
450
207
631
457
956
635
113
253
16
372
618
841
444
922
479
49
689
74
599
283
471
484
517
755
101
261
672
132
181
611
590
636
892
269
246
974
858
773
173
916
686
400
977
757
595
957
801
420
245
463
922
413
742
162
133
439
57
249
746
999
525
141
81
948
909
116
78
589
515
688
230
555
222
115
377
435
845
41
44
811
196
382
888
149
342
226
540
763
28
693
548
904
976
394
447
871
761
416
938
918
299
480
40
676
534
271
623
709
773
743
135
844
281
598
483
895
146
6
966
462
142
92
880
529
300
665
919
726
155
159
764
220
215
776
343
382
977
379
54
565
972
793
905
569
698
727
903
613
943
773
227
926
20
520
692
402
589
112
757
103
337
274
849
788
521
127
123
48
502
907
835
96
735
53
407
706
321
982
907
336
178
277
104
997
46
943
500
983
66
858
701
220
424
511
319
587
596
675
119
244
62
707
497
709
977
741
490
123
160
179
419
937
944
525
984
15
898
776
48
988
140
329
662
534
996
561
858
152
56
52
581
907
250
711
728
575
426
892
617
578
72
983
382
144
225
815
734
119
315
701
226
969
709
853
675
597
927
440
691
722
128
544
283
764
209
867
412
334
42
87
940
700
723
414
856
809
389
21
845
792
128
729
233
145
720
504
90
172
479
108
805
638
260
493
775
3
775
329
917
53
710
416
620
225
802
592
376
421
936
120
808
661
530
515
995
479
973
194
20
593
631
349
432
983
996
957
898
201
880
890
640
424
159
701
397
484
479
745
551
877
481
976
751
543
601
917
825
7
177
21
38
370
675
895
773
470
90
616
542
492
197
680
793
223
152
964
413
134
120
453
920
495
10
375
326
746
85
816
343
421
253
862
122
55
43
802
977
588
876
931
648
992
45
96
442
12
909
149
281
148
251
155
49
282
361
304
835
612
413
174
638
891
894
221
852
349
401
76
369
991
887
548
479
471
535
993
803
92
796
89
410
46
763
897
889
451
976
484
620
318
975
350
684
152
367
316
857
464
986
553
925
142
720
959
115
275
969
125
776
711
248
729
572
385
379
330
375
185
889
153
696
925
647
664
6
827
572
432
510
733
187
17
3
202
158
407
225
502
493
831
738
514
953
592
728
490
368
969
282
658
972
99
633
673
568
209
592
8
344
513
874
471
387
583
318
173
534
43
64
423
989
973
582
248
282
501
94
441
500
685
324
300
426
938
691
530
157
914
63
87
10
4
901
83
50
320
172
288
354
335
741
152
236
128
7
719
973
548
467
310
264
463
507
309
527
653
201
991
395
860
83
834
199
949
874
427
54
128
928
658
162
723
722
574
297
20
61
992
55
315
793
643
325
399
734
426
617
369
205
122
344
841
28
724
889
334
108
423
282
862
740
154
657
527
591
516
177
216
924
848
35
342
989
198
243
952
656
944
346
392
333
864
926
179
896
518
720
683
893
913
458
710
532
558
66
107
60
167
719
59
957
486
325
847
17
930
427
447
774
979
169
485
940
576
942
786
479
93
547
901
690
774
230
819
221
950
756
266
225
754
754
860
985
480
924
698
202
227
350
820
792
985
85
406
492
834
353
479
772
520
246
372
581
273
513
170
199
350
107
908
77
466
500
333
840
979
347
628
804
391
15
627
221
520
634
683
195
479
797
544
642
392
769
300
960
685
72
703
57
609
629
948
258
622
213
286
151
166
810
710
840
379
659
290
229
266
136
656
881
916
370
547
740
405
450
304
484
145
360
697
565
553
328
467
75
97
83
560
384
957
655
73
156
786
722
598
744
290
190
750
143
660
648
398
669
185
561
266
268
764
606
389
900
374
328
120
753
997
389
215
130
959
35
875
745
79
54
459
809
567
410
13
717
136
958
667
394
371
118
422
328
990
148
860
121
267
734
793
948
576
891
971
648
673
843
518
323
86
381
902
181
739
423
895
117
723
909
145
916
940
935
711
284
211
26
150
898
329
755
508
501
416
487
893
655
948
891
122
146
726
14
328
189
141
113
283
518
58
161
659
176
786
932
364
297
626
813
641
489
695
71
586
455
843
106
334
364
682
344
244
85
1000
811
6
828
57
108
780
890
578
452
133
230
554
689
755
276
345
705
683
969
934
448
47
304
605
863
121
772
783
399
846
945
222
391
832
119
248
531
240
382
320
870
906
656
713
251
489
315
759
859
466
705
684
611
274
508
790
454
992
208
367
216
516
35
507
593
324
710
708
987
550
954
969
382
289
226
890
187
753
395
140
976
148
86
552
359
915
252
6
807
288
113
214
96
936
992
505
192
874
725
686
811
659
266
157
605
386
816
446
893
908
327
512
142
232
501
249
932
43
451
795
982
888
89
474
917
606
853
386
856
252
872
956
556
866
806
10
828
151
572
305
145
333
952
753
913
191
561
984
635
563
12
314
321
401
183
617
811
809
372
79
362
354
789
323
742
345
274
942
293
705
328
37
913
519
583
960
651
343
585
106
699
867
340
251
845
602
429
642
94
833
595
752
55
203
654
402
843
934
222
712
715
898
266
182
406
419
703
57
113
980
320
995
404
745
101
4
905
119
638
527
449
440
681
550
563
200
30
625
534
164
930
711
55
124
837
832
388
35
914
657
286
741
924
205
445
538
225
100
81
377
440
934
356
586
972
580
754
629
974
513
186
541
546
518
550
383
921
460
726
269
128
171
476
238
189
853
550
551
171
867
332
781
570
167
771
392
314
148
955
402
385
190
604
77
465
694
982
596
243
999
198
16
19
169
643
934
23
261
351
703
432
361
395
156
411
370
60
362
630
242
407
63
610
152
23
78
966
831
204
165
42
169
551
505
713
992
989
268
173
852
499
440
293
536
435
437
784
985
176
852
739
268
981
39
293
280
352
170
96
851
916
792
980
59
803
900
741
608
793
30
207
284
32
888
843
665
943
607
986
455
92
792
430
37
138
140
481
110
665
582
799
549
689
537
312
955
803
141
231
727
503
989
739
849
996
266
232
19
885
884
81
178
482
654
781
996
142
314
973
349
946
682
307
398
237
136
299
419
31
37
354
158
64
768
906
110
311
535
179
782
107
160
443
713
649
675
733
719
523
639
927
640
81
756
768
592
944
560
872
618
658
616
23
422
516
967
96
793
891
313
733
232
975
691
541
230
708
321
907
639
786
583
708
578
101
42
132
344
638
834
548
904
852
715
838
611
822
547
928
933
8
28
279
156
282
33
982
217
16
11
680
34
374
503
992
981
677
10
286
435
614
94
598
640
330
827
282
497
959
445
475
258
916
326
801
529
396
234
802
436
853
85
502
262
881
390
122
403
862
896
435
14
909
906
456
284
166
196
166
895
252
460
747
837
714
730
384
434
656
268
1
123
351
26
470
246
514
878
704
899
82
485
738
641
829
827
389
715
847
159
328
272
967
373
414
969
469
543
981
234
25
728
340
442
679
927
151
212
804
491
467
48
384
140
190
589
718
218
410
811
578
745
579
608
141
324
785
325
579
10
415
997
987
760
376
194
468
212
647
671
566
143
358
211
923
88
759
390
990
309
442
282
838
515
897
503
672
442
36
341
395
723
643
169
700
254
755
767
495
605
924
656
115
893
900
56
713
950
766
632
394
512
738
745
185
662
874
545
657
713
687
855
88
277
258
494
391
285
749
341
612
350
376
208
726
940
793
319
611
523
520
10
547
983
539
57
313
350
415
911
975
114
331
5
766
180
257
191
7
796
48
342
930
682
653
108
345
880
766
821
569
815
203
621
704
438
994
889
354
313
681
235
130
985
608
365
844
7
41
371
117
540
801
147
246
545
726
868
552
203
679
739
120
322
4
511
782
214
324
562
439
698
286
713
332
655
437
340
661
813
680
717
57
267
904
37
724
564
215
960
772
47
877
117
126
566
499
478
638
584
234
118
502
160
745
468
837
318
491
807
350
781
418
402
333
164
540
401
829
260
954
309
739
195
793
637
768
875
291
114
588
321
583
658
331
208
168
155
533
161
923
5
953
138
434
261
268
543
972
192
503
526
815
18
206
330
799
631
793
412
887
106
188
510
297
912
880
796
208
827
778
737
349
680
792
308
851
220
904
777
579
629
599
341
781
365
906
534
307
355
1
462
837
782
253
611
533
75
823
173
257
42
485
595
69
471
83
320
991
962
149
493
149
151
561
744
264
28
766
38
125
495
996
963
116
912
133
776
93
885
356
972
890
222
462
150
549
559
813
465
889
852
176
7
417
624
354
53
678
577
370
226
59
946
171
286
758
752
238
408
93
946
256
560
566
267
994
816
146
551
847
203
47
113
76
14
858
791
644
330
261
207
667
884
763
816
959
270
738
346
814
976
876
317
188
630
569
415
685
376
88
628
303
321
449
245
755
524
722
980
232
109
145
725
936
699
844
702
318
502
108
68
962
82
175
334
258
44
208
349
542
610
699
931
172
340
812
699
81
55
330
55
730
358
678
782
996
14
215
205
484
850
381
426
920
768
531
690
817
933
263
559
313
174
879
208
177
172
102
801
288
67
610
622
494
704
993
360
671
828
692
690
953
247
163
107
581
85
956
766
522
37
679
955
73
722
828
702
902
27
285
922
624
655
888
481
807
899
834
510
497
45
856
313
735
720
37
275
269
903
851
210
638
301
514
724
61
282
29
294
152
571
346
905
247
482
929
335
304
542
623
333
688
974
146
278
838
676
700
118
768
978
168
764
592
721
136
441
770
886
470
892
578
333
538
735
381
972
225
736
659
49
783
218
347
86
219
360
17
429
340
648
588
262
824
346
785
436
665
430
279
440
124
78
536
361
896
462
708
746
537
297
510
870
311
328
928
8
548
668
765
989
278
746
498
467
372
376
641
77
677
375
843
857
677
995
216
131
996
373
24
312
686
143
645
964
594
331
946
779
275
665
557
87
847
463
293
881
909
358
917
356
143
178
728
426
505
490
3
703
960
419
133
3
588
614
428
511
486
393
941
348
316
430
343
464
524
567
826
428
244
706
254
918
629
72
300
443
901
505
95
129
718
884
1000
165
550
218
481
889
628
404
689
325
712
179
289
397
321
337
274
986
316
828
989
428
741
981
363
86
554
720
376
110
519
307
150
594
806
842
617
890
15
471
665
985
231
29
773
488
409
618
669
945
855
449
206
921
821
127
739
537
274
444
530
903
683
660
315
230
311
198
19
190
824
650
753
515
220
15
629
688
11
112
671
24
296
195
43
395
897
895
115
363
972
756
411
478
614
764
336
88
775
529
669
69
479
932
209
519
711
359
634
588
529
930
589
335
949
418
249
657
872
942
122
142
887
897
659
927
62
968
312
453
959
569
32
384
978
477
876
764
769
982
261
944
934
389
661
693
411
279
985
413
979
553
674
335
63
911
573
116
623
69
998
313
212
739
983
780
459
102
638
188
98
274
662
463
392
58
572
183
231
75
887
620
468
259
557
413
76
540
224
602
508
484
456
52
262
606
992
171
25
14
139
142
892
111
918
835
156
59
235
973
824
820
365
75
562
692
265
237
14
359
824
778
543
675
953
387
256
584
550
451
814
797
745
899
937
119
529
14
693
611
810
374
641
69
162
263
645
695
84
678
700
173
347
292
433
820
113
554
47
894
853
467
320
646
749
400
965
193
160
751
72
832
982
158
577
4
160
449
713
686
434
499
174
659
396
694
270
738
311
751
740
760
732
240
965
853
841
260
257
260
631
377
597
784
483
120
641
758
434
26
70
266
452
476
419
253
319
351
290
58
331
822
478
868
832
433
919
543
815
11
491
302
160
832
690
772
867
890
870
997
557
106
271
79
828
776
339
294
581
601
884
648
255
199
483
71
45
69
173
658
532
611
852
617
861
951
25
892
538
997
492
747
159
368
322
924
899
584
985
418
377
158
854
280
622
88
344
339
189
506
860
193
134
191
377
336
480
995
910
827
17
184
345
475
730
152
124
114
976
976
32
197
505
775
927
562
822
909
562
967
940
650
825
681
502
56
564
193
396
434
926
898
473
970
539
416
676
800
172
87
938
51
512
29
482
145
505
101
745
983
334
27
11
431
446
930
972
937
220
539
858
975
806
358
496
464
370
155
626
257
499
265
68
297
784
284
913
63
684
935
684
474
599
71
584
519
709
5
293
491
564
610
479
850
569
943
119
429
489
453
984
912
870
167
136
228
766
691
108
830
506
198
482
571
322
91
989
295
524
468
842
55
583
40
982
345
906
671
94
594
313
328
740
691
234
768
741
252
413
985
951
911
469
49
932
934
39
713
639
69
301
860
86
641
631
633
193
582
813
884
416
219
693
383
522
407
417
108
894
801
441
793
17
846
287
842
427
378
645
662
205
552
768
435
290
194
282
377
280
555
475
552
99
908
828
387
904
351
67
154
856
705
308
778
943
399
898
549
856
809
434
458
49
576
43
150
484
86
434
710
250
406
399
817
199
671
430
103
958
136
854
909
228
819
442
31
43
976
725
431
758
421
388
374
906
62
958
896
671
874
662
35
693
961
798
793
88
240
137
364
63
793
912
776
282
898
713
714
177
271
179
967
721
126
721
640
814
238
625
988
291
295
816
493
770
515
224
613
979
631
183
408
959
119
539
163
554
727
167
947
871
182
426
19
28
247
663
895
293
114
264
893
933
520
881
973
462
856
455
727
700
958
309
454
56
266
142
346
675
489
1000
954
684
963
387
261
558
454
507
893
777
197
267
225
296
656
72
380
59
557
624
449
721
496
928
529
984
589
432
581
465
398
787
453
824
636
5
847
938
954
891
457
296
464
526
971
400
492
192
155
906
500
608
756
423
995
541
551
402
740
871
461
262
574
959
298
19
641
747
340
938
932
346
681
404
579
999
983
52
507
231
38
394
665
657
337
629
242
405
656
54
13
370
530
515
165
529
370
635
752
369
878
123
232
81
388
360
363
535
710
551
115
222
86
205
155
281
888
372
876
442
778
74
938
234
139
619
726
73
717
42
226
918
600
754
304
24
829
561
518
942
185
657
170
340
938
803
485
383
659
925
454
409
477
542
127
356
560
1000
847
954
951
236
217
997
322
932
387
115
644
222
590
314
258
799
714
255
336
181
110
640
259
71
757
311
19
289
368
668
344
454
24
802
882
702
428
270
453
5
948
840
58
302
193
593
85
538
979
739
886
848
211
143
694
631
362
65
705
951
970
834
935
736
789
240
418
537
22
222
173
209
374
27
340
694
479
400
861
279
640
512
78
78
721
275
673
235
448
420
449
280
356
197
525
390
82
864
700
815
777
168
856
575
907
883
509
646
856
100
805
230
313
350
552
401
614
847
152
350
867
113
609
694
910
974
168
844
883
467
494
206
494
511
739
74
833
285
282
447
958
126
395
620
307
433
614
346
433
481
130
551
451
295
66
85
72
707
141
742
82
518
838
846
654
252
848
18
921
319
283
358
864
549
856
156
625
952
5
432
74
245
704
48
577
186
549
876
679
952
549
532
609
891
928
451
326
747
170
706
113
71
495
788
571
900
895
736
218
957
913
417
817
538
357
458
984
998
221
324
566
232
194
303
807
840
262
691
323
719
76
331
459
667
965
731
710
241
681
412
478
465
242
785
611
220
514
833
834
93
502
78
404
229
677
871
60
230
32
802
610
511
993
121
309
563
758
443
518
488
89
600
1000
807
132
493
602
997
337
930
22
406
152
981
799
234
763
120
668
11
763
459
961
603
328
745
748
85
160
371
55
977
178
545
572
234
720
963
918
58
771
739
747
102
598
133
635
837
991
582
974
946
210
890
866
363
641
957
288
218
133
338
679
294
930
29
433
766
158
323
701
955
844
256
319
496
513
186
670
883
532
281
740
592
491
250
690
60
66
500
805
649
20
970
759
336
233
337
774
302
884
905
388
739
217
507
225
216
647
912
380
657
302
814
769
523
489
233
77
122
985
252
727
51
497
381
650
642
121
464
484
962
133
984
246
341
976
823
444
621
905
996
53
341
321
692
788
810
485
942
609
644
953
628
472
632
780
97
911
958
254
582
155
700
705
773
151
209
683
364
6
461
675
103
136
701
324
925
569
749
53
10
714
147
867
228
138
916
75
244
773
60
656
749
334
148
984
665
620
193
677
894
811
797
409
176
825
40
620
859
305
836
203
965
823
590
390
735
441
789
286
972
862
825
699
872
18
724
204
727
99
671
617
805
689
162
451
994
916
391
205
265
238
999
770
850
774
623
627
69
902
788
966
140
165
554
342
919
412
983
961
445
486
944
280
392
712
979
116
979
896
965
119
672
536
69
57
89
476
99
43
781
289
638
526
248
255
542
610
377
927
217
988
712
922
858
614
377
763
226
20
250
287
845
59
958
413
515
726
607
808
833
639
707
301
46
682
611
754
897
336
972
428
313
162
77
818
699
29
683
345
348
658
930
243
936
238
182
514
416
941
200
782
613
374
862
510
739
165
797
58
618
141
623
741
849
780
234
139
319
951
457
644
424
235
700
395
156
495
679
532
689
756
146
950
451
838
597
547
752
672
302
305
907
673
659
400
454
67
768
936
521
616
350
847
584
742
606
942
888
659
386
91
571
762
84
58
101
175
991
543
974
72
486
594
748
91
278
647
402
949
146
127
697
117
34
701
671
287
114
1000
671
152
440
867
340
973
121
954
812
255
505
815
933
857
748
455
725
801
260
687
471
67
961
531
706
708
982
327
158
675
416
194
151
858
6
967
300
973
208
749
340
98
880
806
835
852
962
570
94
439
929
186
45
43
425
151
14
343
491
287
309
236
986
505
274
227
369
553
1000
304
756
220
202
546
284
273
860
161
153
742
103
108
365
23
462
999
114
703
70
483
953
894
602
904
384
363
735
638
270
722
720
107
502
469
192
187
718
727
697
379
430
113
566
866
866
289
622
321
958
401
949
134
385
776
386
545
315
991
670
8
491
624
193
16
631
828
133
524
658
117
335
41
168
637
681
457
659
543
835
676
485
987
227
156
200
691
800
539
930
2
608
654
695
848
583
299
138
22
890
405
958
773
105
327
437
798
103
297
863
307
929
279
317
17
121
800
232
588
938
607
386
242
662
402
510
40
715
251
456
569
627
690
1
594
967
19
681
578
267
713
701
820
595
413
910
388
871
515
9
923
263
890
650
886
978
950
868
782
552
829
313
441
317
174
94
484
52
701
652
679
955
423
959
40
996
189
547
125
371
988
281
222
272
279
553
782
432
474
590
718
919
554
858
973
500
763
122
43
453
215
588
995
123
278
703
891
618
568
585
409
57
448
792
893
412
995
98
45
575
490
225
932
487
644
28
17
289
895
443
503
263
365
646
324
965
240
237
771
371
624
943
864
39
212
304
290
245
414
16
904
828
968
137
568
993
409
162
348
636
214
42
919
865
873
582
347
241
622
316
293
941
64
848
84
484
479
872
27
861
151
568
793
932
687
837
713
724
894
874
326
833
490
926
606
474
580
678
841
845
573
609
295
395
992
830
421
251
385
369
544
546
388
606
701
640
847
577
518
241
765
168
801
276
796
777
829
925
900
929
151
628
811
409
88
34
926
961
11
774
294
261
914
695
451
874
761
665
932
184
576
358
460
808
268
472
927
850
738
714
528
468
912
467
613
595
955
491
67
351
61
196
352
628
911
977
638
566
98
880
818
144
550
367
571
935
278
295
74
122
559
288
390
253
13
587
44
847
903
89
810
889
379
754
277
443
326
753
305
132
924
757
133
943
42
521
491
936
92
501
750
690
36
586
849
988
825
135
446
105
665
440
519
239
157
410
417
94
523
736
187
331
882
70
868
653
729
755
304
563
591
483
958
426
111
826
159
315
661
996
175
279
952
298
535
82
2
737
38
157
259
911
981
541
639
837
239
767
729
668
928
298
430
277
617
870
869
549
169
235
504
869
584
218
950
662
449
607
222
54
878
424
746
696
177
310
734
517
793
287
235
749
505
975
449
827
234
381
726
906
276
796
972
589
256
914
75
131
613
258
352
806
944
174
961
359
133
164
671
459
773
64
386
855
41
643
326
491
825
540
864
199
631
18
540
691
496
969
971
502
914
723
941
200
558
699
214
686
404
665
263
596
727
378
394
936
303
692
490
796
93
795
923
672
593
76
9
241
59
304
763
624
782
181
584
90
655
80
959
888
327
712
227
391
366
781
923
18
956
214
272
454
844
364
937
549
430
734
225
899
140
123
559
505
464
794
202
108
333
208
860
774
843
98
31
34
678
183
710
426
956
624
315
614
665
381
526
327
277
18
48
247
610
124
195
657
536
448
576
50
649
61
99
164
581
318
985
888
285
186
445
261
190
528
233
378
847
298
330
312
339
155
577
354
496
961
245
704
672
748
127
508
667
226
946
550
185
624
590
186
56
672
894
133
372
842
515
550
551
533
699
414
343
747
612
602
722
956
264
232
657
261
951
757
757
677
569
17
891
328
128
976
966
644
279
132
180
159
684
656
242
369
633
183
244
205
379
756
93
60
294
894
661
11
101
883
141
797
96
402
363
361
510
320
206
306
898
59
648
366
704
194
350
108
971
98
181
430
498
284
526
67
612
760
746
219
117
175
694
650
933
715
763
75
371
737
545
406
8
904
813
517
637
146
204
462
825
115
676
743
205
930
542
74
733
920
641
296
810
750
987
513
324
800
88
303
413
900
938
818
945
571
598
943
550
738
194
210
273
446
91
63
816
534
998
194
659
338
753
89
292
443
588
642
166
252
744
661
998
583
388
383
503
860
961
630
674
447
204
94
297
608
336
343
452
106
71
516
383
953
437
375
262
939
613
301
70
579
378
108
1000
860
57
994
560
687
283
828
807
261
278
968
968
707
814
246
9
141
497
321
636
32
510
597
536
154
516
36
679
623
955
744
890
546
624
933
952
571
11
926
978
186
545
201
888
983
634
77
374
197
51
539
891
775
21
866
829
876
142
197
226
218
89
875
88
895
899
457
601
353
546
567
347
7
391
321
878
597
60
967
897
715
289
463
614
160
263
200
786
639
27
718
354
110
620
311
554
550
677
637
891
179
392
15
366
296
885
918
916
670
217
296
111
87
529
714
762
57
44
16
269
865
940
133
172
121
446
927
635
734
855
444
292
725
540
776
187
669
448
794
324
577
43
383
698
979
86
448
538
570
201
875
884
243
684
858
576
562
599
465
158
699
792
85
238
677
113
466
316
297
778
359
208
482
497
410
717
904
760
819
389
644
366
475
766
367
145
713
805
901
576
593
776
424
912
591
252
455
259
925
525
665
20
283
147
135
10
604
65
40
570
694
257
920
987
894
609
614
586
694
261
674
918
206
562
556
573
654
322
192
290
593
4
579
196
397
130
904
190
669
201
307
738
611
83
833
588
84
953
284
200
1000
568
656
39
986
854
613
173
712
528
964
74
119
772
427
868
838
747
70
775
466
114
679
929
995
554
967
291
611
708
979
904
307
889
271
302
207
348
425
511
290
916
264
677
235
330
683
68
450
622
366
839
946
546
766
728
615
107
655
582
653
947
238
387
293
487
258
355
789
447
831
397
582
626
731
257
874
575
674
469
437
110
768
244
324
457
626
386
301
178
838
323
239
928
424
411
409
538
587
704
604
850
629
514
292
266
128
201
536
951
581
807
257
227
533
349
517
750
842
795
900
705
158
24
744
383
853
354
909
197
626
543
32
403
768
527
716
540
569
519
907
859
701
553
776
843
489
956
821
235
842
732
496
878
320
358
633
47
180
12
119
909
550
837
768
188
797
442
87
124
997
487
727
315
958
841
663
120
577
521
843
852
470
337
863
137
686
926
451
440
35
647
966
975
13
646
875
872
559
220
153
788
910
537
909
852
655
632
45
200
642
604
681
143
806
854
184
429
135
274
70
904
902
280
749
362
59
707
92
298
139
635
20
777
341
397
907
686
492
147
399
143
468
577
352
967
239
615
9
704
161
163
179
876
257
245
164
772
286
263
390
333
61
382
235
436
83
487
332
116
818
530
709
118
72
574
479
470
789
272
468
668
226
80
32
432
949
981
580
948
266
141
773
962
733
443
126
83
170
555
825
184
140
780
860
837
245
697
217
311
674
287
733
784
364
9
432
58
836
86
563
244
204
82
340
630
142
694
388
138
598
574
168
582
886
915
292
246
339
471
432
123
138
664
730
523
34
446
986
689
667
609
648
435
859
321
588
841
802
764
918
497
312
880
660
808
412
404
894
466
308
547
139
239
516
936
101
864
220
666
588
991
217
602
368
782
705
413
965
1000
951
148
906
160
425
566
729
576
257
832
157
978
999
655
175
660
558
400
416
45
784
238
167
889
670
916
522
344
345
315
680
508
996
567
166
105
701
120
804
471
657
827
574
59
690
810
132
274
3
602
632
566
71
795
681
354
253
249
708
544
181
714
755
106
210
577
729
415
277
321
430
857
302
231
287
480
884
767
541
326
395
74
811
437
760
46
356
431
120
444
88
980
325
607
336
473
677
429
676
655
648
379
641
32
344
526
988
432
343
721
298
137
156
316
76
683
965
48
185
527
485
37
419
489
765
127
241
67
490
182
227
494
890
323
572
641
657
502
67
726
386
266
348
76
911
34
827
90
592
717
665
936
9
55
326
461
780
628
772
222
195
63
76
586
134
650
331
326
343
184
12
224
419
594
612
779
54
626
201
209
935
599
794
626
427
64
825
402
607
7
768
491
490
73
980
695
304
209
117
638
495
2
62
529
736
955
173
614
573
915
782
608
536
884
314
271
441
465
97
749
353
289
911
242
170
852
594
65
82
348
588
194
204
217
100
926
550
355
702
411
118
135
567
370
279
675
202
530
845
45
516
931
161
452
281
502
324
788
559
56
146
302
477
81
815
591
805
568
287
515
141
420
327
167
177
846
751
502
417
585
913
773
920
684
627
511
164
55
780
377
838
12
642
839
464
517
440
310
55
916
129
72
631
539
392
25
316
655
840
89
887
916
35
845
136
615
461
839
105
779
800
833
306
388
911
144
291
756
715
159
571
424
795
36
699
780
885
590
485
935
588
374
760
340
596
989
754
14
407
757
216
249
31
951
582
132
471
971
130
245
810
943
820
484
592
490
679
991
825
594
945
847
293
769
889
288
112
7
155
918
404
351
727
579
698
213
119
303
241
25
204
35
683
160
163
607
698
547
401
822
4
861
926
319
863
683
582
341
615
575
781
425
3
562
800
512
49
150
542
952
19
608
654
431
596
925
254
869
703
557
120
950
553
786
91
55
418
288
593
9
284
288
660
258
33
507
575
772
55
956
231
246
209
513
655
907
869
142
691
592
400
552
692
545
766
71
249
781
143
529
361
766
331
964
184
575
511
65
484
656
354
343
161
844
801
159
788
257
889
926
913
288
825
959
9
988
175
717
314
746
389
400
510
332
136
186
129
37
815
700
801
875
447
654
989
526
598
989
653
9
372
278
354
846
550
552
681
847
862
251
517
477
28
452
587
201
625
102
932
121
92
543
451
656
144
222
389
65
689
109
742
73
867
6
835
968
214
652
961
91
41
216
873
774
52
567
58
431
912
473
215
678
927
720
62
78
265
985
640
352
183
177
557
657
519
899
221
861
325
585
931
562
871
905
885
967
429
969
551
668
176
972
560
754
255
935
277
676
578
338
463
778
183
551
974
419
77
148
316
175
291
387
930
695
530
347
514
413
204
493
346
434
797
728
529
649
531
292
302
278
2
252
107
856
13
673
864
878
149
23
14
187
713
755
235
487
540
542
382
248
851
102
122
657
741
128
947
230
139
381
718
104
52
627
690
95
700
717
962
66
716
789
697
247
926
251
993
718
332
946
244
388
877
653
950
453
193
864
417
498
61
603
532
109
532
909
777
130
693
478
983
440
889
887
885
459
787
759
399
416
71
206
692
780
674
913
531
159
441
228
102
399
792
750
486
580
486
945
228
97
851
512
993
38
915
351
139
626
720
187
130
585
727
149
121
905
620
826
697
614
8
664
745
886
501
835
611
977
391
96
275
258
663
530
22
885
439
481
203
432
997
423
24
168
396
10
937
524
435
30
148
694
38
562
943
238
453
170
33
30
603
596
867
875
726
39
938
651
14
770
410
887
286
537
7
268
871
925
24
684
779
624
448
90
930
309
678
615
668
696
29
84
57
165
250
341
478
233
563
558
855
73
329
11
439
234
283
621
462
663
454
967
108
184
267
344
219
585
80
881
836
562
331
694
208
867
809
552
170
136
39
539
852
33
663
774
531
562
755
311
70
609
445
990
776
28
877
131
714
910
462
660
489
951
685
468
234
219
153
535
96
991
450
641
825
748
402
282
149
865
710
743
508
4
581
158
386
735
888
787
876
446
591
653
408
167
655
162
474
556
451
322
69
905
687
688
38
702
219
223
934
983
750
862
71
427
265
663
394
912
251
97
459
40
208
201
290
954
675
27
132
636
22
79
151
738
566
182
954
932
120
544
372
713
973
622
355
533
438
736
961
208
494
323
387
524
810
97
669
83
361
400
218
505
167
479
628
244
201
465
244
452
345
401
832
506
401
706
333
35
535
150
56
582
217
489
893
264
668
653
71
178
63
554
747
604
261
328
239
466
616
126
45
928
517
339
855
426
662
498
675
942
703
965
809
819
836
909
898
955
104
9
438
794
672
786
185
131
87
444
654
376
616
654
474
598
40
734
697
354
922
297
317
45
257
536
109
300
575
976
650
671
18
700
788
747
672
767
145
650
421
780
200
764
906
349
379
447
750
483
118
438
65
794
283
647
399
760
465
12
711
188
603
164
657
468
132
696
454
136
331
955
877
802
839
384
458
479
354
628
813
939
420
801
121
786
760
557
170
577
101
822
66
434
554
407
643
324
637
968
861
342
740
176
982
113
395
342
128
686
996
135
875
101
740
495
952
149
413
317
672
722
311
986
749
523
26
398
247
864
44
638
2
741
102
140
525
331
35
740
526
644
412
731
464
53
590
702
177
55
962
692
525
727
64
924
150
969
902
203
913
834
332
860
303
940
579
983
134
213
991
565
136
966
979
111
633
653
643
192
356
445
1000
406
576
170
853
228
186
24
305
256
33
937
631
445
817
394
713
11
119
33
543
834
679
360
354
334
868
468
778
23
421
747
65
124
869
176
798
936
789
956
739
907
969
904
390
689
774
245
619
809
558
205
241
983
734
38
732
490
228
968
367
499
355
843
961
688
848
168
1
43
652
585
468
220
331
800
789
453
392
423
434
599
630
164
389
510
608
374
352
629
752
960
817
372
122
296
331
606
827
872
148
272
225
64
148
18
499
596
408
494
928
988
12
855
207
486
766
866
451
808
262
924
107
277
357
296
851
812
477
783
695
562
357
88
951
910
717
185
398
975
138
40
988
723
870
162
689
269
607
595
626
6
321
105
483
719
81
533
262
963
430
508
882
563
287
964
766
289
523
213
524
400
348
623
79
983
384
322
89
755
832
730
326
265
463
124
747
240
238
904
352
158
275
690
572
4
488
899
838
546
711
996
214
424
300
156
418
785
238
721
374
209
521
430
444
174
201
82
841
385
770
996
322
861
716
343
159
818
1000
187
564
988
855
882
177
256
815
263
985
156
116
935
47
44
640
873
689
517
393
398
431
980
103
614
756
61
906
320
965
992
212
428
807
917
843
971
261
576
185
856
830
728
654
592
988
196
24
400
954
433
240
236
807
72
189
487
58
992
510
302
199
67
960
798
396
908
11
659
484
594
341
968
628
580
629
482
540
750
598
903
938
819
558
177
31
114
792
219
128
102
31
27
171
892
881
566
865
349
526
438
305
365
267
830
485
333
411
915
842
819
861
469
10
996
273
138
339
407
30
499
291
273
381
782
751
625
14
861
448
216
19
947
147
357
664
197
994
498
659
337
423
667
608
271
327
606
192
550
788
784
168
548
483
293
699
134
82
979
655
685
320
110
470
265
177
257
869
934
540
69
262
185
32
84
911
708
208
775
4
778
158
555
653
827
678
571
427
920
543
728
459
183
93
534
343
461
324
40
13
838
856
365
543
1000
731
15
345
799
743
521
541
795
97
689
407
991
570
113
628
474
960
458
791
159
558
431
966
391
557
281
443
722
828
130
699
785
227
435
466
825
670
407
288
103
526
255
367
94
501
734
558
122
69
563
330
841
675
964
170
747
409
717
382
742
553
872
501
620
461
474
539
218
487
452
140
909
284
113
273
39
647
535
487
911
226
503
920
901
824
547
167
355
750
62
850
978
641
462
237
517
445
793
514
703
824
285
412
543
29
848
711
287
444
619
774
597
371
299
676
717
289
127
688
722
815
71
821
259
774
977
912
534
348
212
255
692
58
558
97
137
388
961
401
807
271
61
180
879
236
286
330
894
7
721
366
832
473
851
645
245
509
795
691
133
835
583
18
924
183
594
375
544
357
308
738
285
377
127
449
885
815
117
843
26
561
190
370
200
757
428
708
759
337
940
599
792
651
919
177
354
930
303
373
510
946
787
580
571
68
748
122
908
65
8
246
719
418
279
284
161
632
557
352
359
985
677
464
864
461
768
202
302
131
334
171
100
85
277
291
391
134
234
612
391
877
244
755
850
431
895
250
426
28
788
37
174
973
355
112
691
933
838
886
835
339
486
64
369
769
827
